487465.00 113315.00
487464.94 113315.50
487464.89 113315.99
487464.83 113316.49
487464.77 113316.99
487464.72 113317.48
487464.66 113317.98
487464.60 113318.48
487464.55 113318.97
487464.49 113319.47
487464.43 113319.97
487464.38 113320.46
487464.32 113320.96
487464.26 113321.46
487464.21 113321.96
487464.15 113322.45
487464.10 113322.95
487464.04 113323.45
487463.98 113323.94
487463.93 113324.44
487463.87 113324.94
487463.81 113325.43
487463.76 113325.93
487463.70 113326.43
487463.64 113326.92
487463.59 113327.42
487463.53 113327.92
487463.47 113328.41
487463.42 113328.91
487463.36 113329.41
487463.30 113329.90
487463.25 113330.40
487463.19 113330.90
487463.13 113331.39
487463.08 113331.89
487463.02 113332.39
487462.96 113332.88
487462.91 113333.38
487462.85 113333.88
487462.79 113334.37
487462.74 113334.87
487462.68 113335.37
487462.63 113335.87
487462.57 113336.36
487462.51 113336.86
487462.46 113337.36
487462.40 113337.85
487462.34 113338.35
487462.29 113338.85
487462.23 113339.34
487462.17 113339.84
487462.12 113340.34
487462.06 113340.83
487462.00 113341.33
487461.95 113341.83
487461.89 113342.32
487461.83 113342.82
487461.78 113343.32
487461.72 113343.81
487461.66 113344.31
487461.61 113344.81
487461.55 113345.30
487461.49 113345.80
487461.44 113346.30
487461.38 113346.79
487461.32 113347.29
487461.27 113347.79
487461.21 113348.29
487461.15 113348.78
487461.10 113349.28
487461.04 113349.78
487460.99 113350.27
487460.93 113350.77
487460.87 113351.27
487460.82 113351.76
487460.76 113352.26
487460.70 113352.76
487460.65 113353.25
487460.59 113353.75
487460.53 113354.25
487460.48 113354.74
487460.42 113355.24
487460.36 113355.74
487460.31 113356.23
487460.25 113356.73
487460.19 113357.23
487460.14 113357.72
487460.08 113358.22
487460.02 113358.72
487459.97 113359.21
487459.91 113359.71
487459.85 113360.21
487459.80 113360.70
487459.74 113361.20
487459.68 113361.70
487459.63 113362.20
487459.57 113362.69
487459.52 113363.19
487459.46 113363.69
487459.40 113364.18
487459.35 113364.68
487459.29 113365.18
487459.23 113365.67
487459.18 113366.17
487459.12 113366.67
487459.06 113367.16
487459.01 113367.66
487458.95 113368.16
487458.89 113368.65
487458.84 113369.15
487458.78 113369.65
487458.72 113370.14
487458.67 113370.64
487458.61 113371.14
487458.55 113371.63
487458.50 113372.13
487458.44 113372.63
487458.38 113373.12
487458.33 113373.62
487458.27 113374.12
487458.21 113374.62
487458.16 113375.11
487458.10 113375.61
487458.04 113376.11
487457.99 113376.60
487457.93 113377.10
487457.88 113377.60
487457.82 113378.09
487457.76 113378.59
487457.71 113379.09
487457.65 113379.58
487457.59 113380.08
487457.54 113380.58
487457.48 113381.07
487457.42 113381.57
487457.37 113382.07
487457.31 113382.56
487457.25 113383.06
487457.20 113383.56
487457.14 113384.05
487457.08 113384.55
487457.03 113385.05
487456.97 113385.54
487456.91 113386.04
487456.86 113386.54
487456.80 113387.03
487456.74 113387.53
487456.69 113388.03
487456.63 113388.53
487456.57 113389.02
487456.52 113389.52
487456.46 113390.02
487456.41 113390.51
487456.35 113391.01
487456.29 113391.51
487456.24 113392.00
487456.18 113392.50
487456.12 113393.00
487456.07 113393.49
487456.01 113393.99
487455.95 113394.49
487455.90 113394.98
487455.84 113395.48
487455.78 113395.98
487455.73 113396.47
487455.67 113396.97
487455.61 113397.47
487455.56 113397.96
487455.50 113398.46
487455.44 113398.96
487455.39 113399.45
487455.33 113399.95
487455.27 113400.45
487455.22 113400.95
487455.16 113401.44
487455.10 113401.94
487455.05 113402.44
487454.99 113402.93
487454.93 113403.43
487454.88 113403.93
487454.82 113404.42
487454.77 113404.92
487454.71 113405.42
487454.65 113405.91
487454.60 113406.41
487454.54 113406.91
487454.48 113407.40
487454.43 113407.90
487454.37 113408.40
487454.31 113408.89
487454.26 113409.39
487454.20 113409.89
487454.14 113410.38
487454.09 113410.88
487454.03 113411.38
487453.97 113411.87
487453.92 113412.37
487453.86 113412.87
487453.80 113413.36
487453.75 113413.86
487453.69 113414.36
487453.63 113414.86
487453.58 113415.35
487453.52 113415.85
487453.46 113416.35
487453.41 113416.84
487453.35 113417.34
487453.30 113417.84
487453.24 113418.33
487453.18 113418.83
487453.13 113419.33
487453.07 113419.82
487453.01 113420.32
487452.96 113420.82
487452.90 113421.31
487452.84 113421.81
487452.79 113422.31
487452.73 113422.80
487452.67 113423.30
487452.62 113423.80
487452.56 113424.29
487452.50 113424.79
487452.45 113425.29
487452.39 113425.78
487452.33 113426.28
487452.28 113426.78
487452.22 113427.28
487452.16 113427.77
487452.11 113428.27
487452.05 113428.77
487451.99 113429.26
487451.94 113429.76
487451.88 113430.26
487451.82 113430.75
487451.77 113431.25
487451.71 113431.75
487451.66 113432.24
487451.60 113432.74
487451.54 113433.24
487451.49 113433.73
487451.43 113434.23
487451.37 113434.73
487451.32 113435.22
487451.26 113435.72
487451.20 113436.22
487451.15 113436.71
487451.09 113437.21
487451.03 113437.71
487450.98 113438.20
487450.92 113438.70
487450.86 113439.20
487450.81 113439.69
487450.75 113440.19
487450.69 113440.69
487450.64 113441.19
487450.58 113441.68
487450.52 113442.18
487450.47 113442.68
487450.41 113443.17
487450.35 113443.67
487450.30 113444.17
487450.24 113444.66
487450.19 113445.16
487450.13 113445.66
487450.07 113446.15
487450.02 113446.65
487449.96 113447.15
487449.90 113447.64
487449.85 113448.14
487449.79 113448.64
487449.73 113449.13
487449.68 113449.63
487449.62 113450.13
487449.56 113450.62
487449.51 113451.12
487449.45 113451.62
487449.39 113452.11
487449.34 113452.61
487449.28 113453.11
487449.22 113453.61
487449.17 113454.10
487449.11 113454.60
487449.05 113455.10
487449.00 113455.59
487448.94 113456.09
487448.88 113456.59
487448.83 113457.08
487448.77 113457.58
487448.71 113458.08
487448.66 113458.57
487448.60 113459.07
487448.55 113459.57
487448.49 113460.06
487448.43 113460.56
487448.38 113461.06
487448.32 113461.55
487448.26 113462.05
487448.21 113462.55
487448.15 113463.04
487448.09 113463.54
487448.04 113464.04
487447.98 113464.53
487447.92 113465.03
487447.87 113465.53
487447.81 113466.02
487447.75 113466.52
487447.70 113467.02
487447.64 113467.52
487447.58 113468.01
487447.53 113468.51
487447.47 113469.01
487447.41 113469.50
487447.36 113470.00
487447.30 113470.50
487447.24 113470.99
487447.19 113471.49
487447.13 113471.99
487447.08 113472.48
487447.02 113472.98
487446.96 113473.48
487446.91 113473.97
487446.85 113474.47
487446.79 113474.97
487446.74 113475.46
487446.68 113475.96
487446.62 113476.46
487446.57 113476.95
487446.51 113477.45
487446.45 113477.95
487446.40 113478.44
487446.34 113478.94
487446.28 113479.44
487446.23 113479.94
487446.17 113480.43
487446.11 113480.93
487446.06 113481.43
487446.00 113481.92
487445.94 113482.42
487445.89 113482.92
487445.83 113483.41
487445.77 113483.91
487445.72 113484.41
487445.66 113484.90
487445.60 113485.40
487445.55 113485.90
487445.49 113486.39
487445.44 113486.89
487445.38 113487.39
487445.32 113487.88
487445.27 113488.38
487445.21 113488.88
487445.15 113489.37
487445.10 113489.87
487445.04 113490.37
487444.98 113490.86
487444.93 113491.36
487444.87 113491.86
487444.81 113492.35
487444.76 113492.85
487444.70 113493.35
487444.64 113493.85
487444.59 113494.34
487444.53 113494.84
487444.47 113495.34
487444.42 113495.83
487444.36 113496.33
487444.30 113496.83
487444.25 113497.32
487444.19 113497.82
487444.13 113498.32
487444.08 113498.81
487444.02 113499.31
487443.97 113499.81
487443.91 113500.30
487443.85 113500.80
487443.80 113501.30
487443.74 113501.79
487443.68 113502.29
487443.63 113502.79
487443.57 113503.28
487443.51 113503.78
487443.46 113504.28
487443.40 113504.77
487443.34 113505.27
487443.29 113505.77
487443.23 113506.27
487443.17 113506.76
487443.12 113507.26
487443.06 113507.76
487443.00 113508.25
487442.95 113508.75
487442.89 113509.25
487442.83 113509.74
487442.78 113510.24
487442.72 113510.74
487442.66 113511.23
487442.61 113511.73
487442.55 113512.23
487442.49 113512.72
487442.44 113513.22
487442.38 113513.72
487442.33 113514.21
487442.27 113514.71
487442.21 113515.21
487442.16 113515.70
487442.10 113516.20
487442.04 113516.70
487441.99 113517.19
487441.93 113517.69
487441.87 113518.19
487441.82 113518.68
487441.76 113519.18
487441.70 113519.68
487441.65 113520.18
487441.59 113520.67
487441.53 113521.17
487441.48 113521.67
487441.42 113522.16
487441.36 113522.66
487441.31 113523.16
487441.25 113523.65
487441.19 113524.15
487441.14 113524.65
487441.08 113525.14
487441.02 113525.64
487440.97 113526.14
487440.91 113526.63
487440.86 113527.13
487440.80 113527.63
487440.74 113528.12
487440.69 113528.62
487440.63 113529.12
487440.57 113529.61
487440.52 113530.11
487440.46 113530.61
487440.40 113531.10
487440.35 113531.60
487440.29 113532.10
487440.23 113532.60
487440.18 113533.09
487440.12 113533.59
487440.06 113534.09
487440.01 113534.58
487439.95 113535.08
487439.89 113535.58
487439.84 113536.07
487439.78 113536.57
487439.72 113537.07
487439.67 113537.56
487439.61 113538.06
487439.55 113538.56
487439.50 113539.05
487439.44 113539.55
487439.38 113540.05
487439.33 113540.54
487439.27 113541.04
487439.22 113541.54
487439.16 113542.03
487439.10 113542.53
487439.05 113543.03
487438.99 113543.52
487438.93 113544.02
487438.88 113544.52
487438.82 113545.01
487438.76 113545.51
487438.71 113546.01
487438.65 113546.51
487438.59 113547.00
487438.54 113547.50
487438.48 113548.00
487438.42 113548.49
487438.37 113548.99
487438.31 113549.49
487438.25 113549.98
487438.20 113550.48
487438.14 113550.98
487438.08 113551.47
487438.03 113551.97
487437.97 113552.47
487437.91 113552.96
487437.86 113553.46
487437.80 113553.96
487437.75 113554.45
487437.69 113554.95
487437.63 113555.45
487437.58 113555.94
487437.52 113556.44
487437.46 113556.94
487437.41 113557.43
487437.35 113557.93
487437.29 113558.43
487437.24 113558.93
487437.18 113559.42
487437.12 113559.92
487437.07 113560.42
487437.01 113560.91
487436.73 113560.50
487436.45 113560.08
487436.17 113559.67
487435.90 113559.25
487435.62 113558.84
487435.34 113558.42
487435.06 113558.01
487434.78 113557.59
487434.50 113557.17
487434.23 113556.76
487433.95 113556.34
487433.67 113555.93
487433.39 113555.51
487433.11 113555.10
487432.83 113554.68
487432.55 113554.27
487432.28 113553.85
487432.00 113553.44
487431.72 113553.02
487431.44 113552.61
487431.16 113552.19
487430.88 113551.78
487430.61 113551.36
487430.33 113550.95
487430.05 113550.53
487429.77 113550.11
487429.49 113549.70
487429.21 113549.28
487428.93 113548.87
487428.66 113548.45
487428.38 113548.04
487428.10 113547.62
487427.82 113547.21
487427.54 113546.79
487427.26 113546.38
487426.99 113545.96
487426.71 113545.55
487426.43 113545.13
487426.15 113544.72
487425.87 113544.30
487425.59 113543.89
487425.32 113543.47
487425.04 113543.05
487424.76 113542.64
487424.48 113542.22
487424.20 113541.81
487423.92 113541.39
487423.64 113540.98
487423.37 113540.56
487423.09 113540.15
487422.81 113539.73
487422.53 113539.32
487422.25 113538.90
487421.97 113538.49
487421.70 113538.07
487421.42 113537.66
487421.14 113537.24
487420.86 113536.83
487420.58 113536.41
487420.30 113535.99
487420.02 113535.58
487419.75 113535.16
487419.47 113534.75
487419.19 113534.33
487418.91 113533.92
487418.63 113533.50
487418.35 113533.09
487418.08 113532.67
487417.80 113532.26
487417.52 113531.84
487417.24 113531.43
487416.96 113531.01
487416.68 113530.60
487416.40 113530.18
487416.13 113529.77
487415.85 113529.35
487415.57 113528.93
487415.29 113528.52
487415.01 113528.10
487414.73 113527.69
487414.46 113527.27
487414.18 113526.86
487413.90 113526.44
487413.62 113526.03
487413.34 113525.61
487413.06 113525.20
487412.78 113524.78
487412.51 113524.37
487412.23 113523.95
487411.95 113523.54
487411.67 113523.12
487411.39 113522.71
487411.11 113522.29
487410.84 113521.87
487410.56 113521.46
487410.28 113521.04
487410.00 113520.63
487409.72 113520.21
487409.44 113519.80
487409.16 113519.38
487408.89 113518.97
487408.61 113518.55
487408.33 113518.14
487408.05 113517.72
487407.77 113517.31
487407.49 113516.89
487407.22 113516.48
487406.94 113516.06
487406.66 113515.65
487406.38 113515.23
487406.10 113514.82
487405.82 113514.40
487405.55 113513.98
487405.27 113513.57
487404.99 113513.15
487404.71 113512.74
487404.43 113512.32
487404.15 113511.91
487403.87 113511.49
487403.60 113511.08
487403.32 113510.66
487403.04 113510.25
487402.76 113509.83
487402.48 113509.42
487402.20 113509.00
487401.93 113508.59
487401.65 113508.17
487401.37 113507.76
487401.09 113507.34
487400.81 113506.92
487400.53 113506.51
487400.25 113506.09
487399.98 113505.68
487399.70 113505.26
487399.42 113504.85
487399.14 113504.43
487398.86 113504.02
487398.58 113503.60
487398.31 113503.19
487398.03 113502.77
487397.75 113502.36
487397.47 113501.94
487397.19 113501.53
487396.91 113501.11
487396.63 113500.70
487396.36 113500.28
487396.08 113499.86
487395.80 113499.45
487395.52 113499.03
487395.24 113498.62
487394.96 113498.20
487394.69 113497.79
487394.41 113497.37
487394.13 113496.96
487393.85 113496.54
487393.57 113496.13
487393.29 113495.71
487393.01 113495.30
487392.74 113494.88
487392.46 113494.47
487392.18 113494.05
487391.90 113493.64
487391.62 113493.22
487391.34 113492.80
487391.07 113492.39
487390.79 113491.97
487390.51 113491.56
487390.23 113491.14
487389.95 113490.73
487389.67 113490.31
487389.39 113489.90
487389.12 113489.48
487388.84 113489.07
487388.56 113488.65
487388.28 113488.24
487388.00 113487.82
487387.72 113487.41
487387.45 113486.99
487387.17 113486.58
487386.89 113486.16
487386.61 113485.74
487386.33 113485.33
487386.05 113484.91
487385.78 113484.50
487385.50 113484.08
487385.22 113483.67
487384.94 113483.25
487384.66 113482.84
487384.38 113482.42
487384.10 113482.01
487383.83 113481.59
487383.55 113481.18
487383.27 113480.76
487382.99 113480.35
487382.71 113479.93
487382.43 113479.52
487382.16 113479.10
487381.88 113478.68
487381.60 113478.27
487381.32 113477.85
487381.04 113477.44
487380.76 113477.02
487380.48 113476.61
487380.21 113476.19
487379.93 113475.78
487379.65 113475.36
487379.37 113474.95
487379.09 113474.53
487378.81 113474.12
487378.54 113473.70
487378.26 113473.29
487377.98 113472.87
487377.70 113472.46
487377.42 113472.04
487377.14 113471.62
487376.86 113471.21
487376.59 113470.79
487376.31 113470.38
487376.03 113469.96
487375.75 113469.55
487375.47 113469.13
487375.19 113468.72
487374.92 113468.30
487374.64 113467.89
487374.36 113467.47
487374.08 113467.06
487373.80 113466.64
487373.52 113466.23
487373.24 113465.81
487372.97 113465.40
487372.69 113464.98
487372.41 113464.57
487372.13 113464.15
487371.85 113463.73
487371.57 113463.32
487371.30 113462.90
487371.02 113462.49
487370.74 113462.07
487370.46 113461.66
487370.18 113461.24
487369.90 113460.83
487369.62 113460.41
487369.35 113460.00
487369.07 113459.58
487368.79 113459.17
487368.51 113458.75
487368.23 113458.34
487367.95 113457.92
487367.68 113457.51
487367.40 113457.09
487367.12 113456.67
487366.84 113456.26
487366.56 113455.84
487366.28 113455.43
487366.01 113455.01
487365.73 113454.60
487365.45 113454.18
487365.17 113453.77
487364.89 113453.35
487364.61 113452.94
487364.33 113452.52
487364.06 113452.11
487363.78 113451.69
487363.50 113451.28
487363.22 113450.86
487362.94 113450.45
487362.66 113450.03
487362.39 113449.61
487362.11 113449.20
487361.83 113448.78
487361.55 113448.37
487361.27 113447.95
487360.99 113447.54
487360.71 113447.12
487360.44 113446.71
487360.16 113446.29
487359.88 113445.88
487359.60 113445.46
487359.32 113445.05
487359.04 113444.63
487358.77 113444.22
487358.49 113443.80
487358.21 113443.39
487357.93 113442.97
487357.65 113442.55
487357.37 113442.14
487357.09 113441.72
487356.82 113441.31
487356.54 113440.89
487356.26 113440.48
487355.98 113440.06
487355.70 113439.65
487355.42 113439.23
487355.15 113438.82
487354.87 113438.40
487354.59 113437.99
487354.31 113437.57
487354.03 113437.16
487353.75 113436.74
487353.47 113436.33
487353.20 113435.91
487352.92 113435.49
487352.64 113435.08
487352.36 113434.66
487352.08 113434.25
487351.80 113433.83
487351.53 113433.42
487351.25 113433.00
487350.97 113432.59
487350.69 113432.17
487350.41 113431.76
487350.13 113431.34
487349.85 113430.93
487349.58 113430.51
487349.30 113430.10
487349.02 113429.68
487348.74 113429.27
487348.46 113428.85
487348.18 113428.43
487347.91 113428.02
487347.63 113427.60
487347.35 113427.19
487347.07 113426.77
487346.79 113426.36
487346.51 113425.94
487346.24 113425.53
487345.96 113425.11
487345.68 113424.70
487345.40 113424.28
487345.12 113423.87
487344.84 113423.45
487344.56 113423.04
487344.29 113422.62
487344.01 113422.21
487343.73 113421.79
487343.45 113421.37
487343.17 113420.96
487342.89 113420.54
487342.62 113420.13
487342.34 113419.71
487342.06 113419.30
487341.78 113418.88
487341.50 113418.47
487341.22 113418.05
487340.94 113417.64
487340.67 113417.22
487340.39 113416.81
487340.11 113416.39
487339.83 113415.98
487339.55 113415.56
487339.27 113415.15
487339.00 113414.73
487338.72 113414.32
487338.44 113413.90
487338.16 113413.48
487337.88 113413.07
487337.60 113412.65
487337.32 113412.24
487337.05 113411.82
487336.77 113411.41
487336.49 113410.99
487336.21 113410.58
487335.93 113410.16
487335.65 113409.75
487335.38 113409.33
487335.10 113408.92
487334.82 113408.50
487334.54 113408.09
487334.26 113407.67
487333.98 113407.26
487333.70 113406.84
487333.43 113406.42
487333.15 113406.01
487332.87 113405.59
487332.59 113405.18
487332.31 113404.76
487332.03 113404.35
487331.76 113403.93
487331.48 113403.52
487331.20 113403.10
487330.92 113402.69
487330.64 113402.27
487330.36 113401.86
487330.08 113401.44
487329.81 113401.03
487329.53 113400.61
487329.25 113400.20
487328.97 113399.78
487328.69 113399.36
487328.41 113398.95
487328.14 113398.53
487327.86 113398.12
487327.58 113397.70
487327.30 113397.29
487327.02 113396.87
487326.74 113396.46
487326.47 113396.04
487326.19 113395.63
487325.91 113395.21
487325.63 113394.80
487325.35 113394.38
487325.07 113393.97
487324.79 113393.55
487324.52 113393.14
487324.24 113392.72
487323.96 113392.30
487323.68 113391.89
487323.40 113391.47
487323.12 113391.06
487322.85 113390.64
487322.57 113390.23
487322.29 113389.81
487322.01 113389.40
487321.73 113388.98
487321.45 113388.57
487321.17 113388.15
487320.90 113387.74
487320.62 113387.32
487320.34 113386.91
487320.06 113386.49
487319.78 113386.08
487319.50 113385.66
487319.23 113385.24
487318.95 113384.83
487318.67 113384.41
487318.39 113384.00
487318.11 113383.58
487317.83 113383.17
487317.55 113382.75
487317.28 113382.34
487317.00 113381.92
487316.72 113381.51
487316.44 113381.09
487316.16 113380.68
487315.88 113380.26
487315.61 113379.85
487315.33 113379.43
487315.05 113379.02
487314.77 113378.60
487314.49 113378.18
487314.21 113377.77
487313.93 113377.35
487313.66 113376.94
487313.38 113376.52
487313.10 113376.11
487312.82 113375.69
487312.54 113375.28
487312.26 113374.86
487311.99 113374.45
487311.71 113374.03
487311.43 113373.62
487311.15 113373.20
487310.87 113372.79
487310.59 113372.37
487310.31 113371.96
487310.04 113371.54
487309.76 113371.12
487309.48 113370.71
487309.20 113370.29
487308.92 113369.88
487308.64 113369.46
487308.37 113369.05
487308.09 113368.63
487307.81 113368.22
487307.53 113367.80
487307.25 113367.39
487306.97 113366.97
487306.70 113366.56
487306.42 113366.14
487306.14 113365.73
487305.86 113365.31
487305.58 113364.90
487305.30 113364.48
487305.02 113364.07
487304.75 113363.65
487304.47 113363.23
487304.19 113362.82
487303.91 113362.40
487303.63 113361.99
487303.35 113361.57
487303.08 113361.16
487302.80 113360.74
487302.52 113360.33
487302.24 113359.91
487301.96 113359.50
487301.68 113359.08
487301.40 113358.67
487301.13 113358.25
487300.85 113357.84
487300.57 113357.42
487300.29 113357.01
487300.01 113356.59
487299.73 113356.17
487299.46 113355.76
487299.18 113355.34
487298.90 113354.93
487298.62 113354.51
487298.34 113354.10
487298.06 113353.68
487297.78 113353.27
487297.51 113352.85
487297.23 113352.44
487296.95 113352.02
487296.67 113351.61
487296.39 113351.19
487296.11 113350.78
487295.84 113350.36
487295.56 113349.95
487295.28 113349.53
487295.00 113349.11
487294.72 113348.70
487294.44 113348.28
487294.16 113347.87
487293.89 113347.45
487293.61 113347.04
487293.33 113346.62
487293.05 113346.21
487292.77 113345.79
487292.49 113345.38
487292.22 113344.96
487291.94 113344.55
487291.66 113344.13
487291.38 113343.72
487291.10 113343.30
487290.82 113342.89
487290.54 113342.47
487290.27 113342.05
487289.99 113341.64
487289.71 113341.22
487289.43 113340.81
487289.15 113340.39
487288.87 113339.98
487288.60 113339.56
487288.32 113339.15
487288.04 113338.73
487287.76 113338.32
487287.48 113337.90
487287.20 113337.49
487286.93 113337.07
487286.65 113336.66
487286.37 113336.24
487286.09 113335.83
487285.81 113335.41
487285.53 113334.99
487285.25 113334.58
487284.98 113334.16
487284.70 113333.75
487284.42 113333.33
487284.14 113332.92
487283.86 113332.50
487283.58 113332.09
487283.31 113331.67
487283.03 113331.26
487282.75 113330.84
487282.47 113330.43
487282.19 113330.01
487281.91 113329.60
487281.63 113329.18
487281.36 113328.77
487281.08 113328.35
487280.80 113327.93
487280.52 113327.52
487280.24 113327.10
487279.96 113326.69
487279.69 113326.27
487279.41 113325.86
487279.13 113325.44
487278.85 113325.03
487278.57 113324.61
487278.29 113324.20
487278.01 113323.78
487277.74 113323.37
487277.46 113322.95
487277.18 113322.54
487276.90 113322.12
487276.62 113321.71
487276.34 113321.29
487276.07 113320.87
487275.79 113320.46
487275.51 113320.04
487275.23 113319.63
487274.95 113319.21
487274.67 113318.80
487274.39 113318.38
487274.12 113317.97
487273.84 113317.55
487273.56 113317.14
487273.28 113316.72
487273.00 113316.31
487272.72 113315.89
487272.45 113315.48
487272.17 113315.06
487271.89 113314.65
487271.61 113314.23
487271.33 113313.82
487271.05 113313.40
487270.77 113312.98
487270.50 113312.57
487270.22 113312.15
487269.94 113311.74
487269.66 113311.32
487269.38 113310.91
487269.10 113310.49
487268.83 113310.08
487268.55 113309.66
487268.27 113309.25
487267.99 113308.83
487267.71 113308.42
487267.43 113308.00
487267.16 113307.59
487266.88 113307.17
487266.60 113306.76
487266.32 113306.34
487266.04 113305.92
487265.76 113305.51
487265.48 113305.09
487265.21 113304.68
487264.93 113304.26
487264.65 113303.85
487264.37 113303.43
487264.09 113303.02
487263.81 113302.60
487263.54 113302.19
487263.26 113301.77
487262.98 113301.36
487262.70 113300.94
487262.42 113300.53
487262.14 113300.11
487261.86 113299.70
487261.59 113299.28
487261.31 113298.86
487261.03 113298.45
487260.75 113298.03
487260.47 113297.62
487260.19 113297.20
487259.92 113296.79
487259.64 113296.37
487259.36 113295.96
487259.08 113295.54
487258.80 113295.13
487258.52 113294.71
487258.24 113294.30
487257.97 113293.88
487257.69 113293.47
487257.41 113293.05
487257.13 113292.64
487256.85 113292.22
487256.57 113291.80
487256.30 113291.39
487256.02 113290.97
487255.74 113290.56
487255.46 113290.14
487255.18 113289.73
487254.90 113289.31
487254.62 113288.90
487254.35 113288.48
487254.07 113288.07
487253.79 113287.65
487253.51 113287.24
487253.23 113286.82
487252.95 113286.41
487252.68 113285.99
487252.40 113285.58
487252.12 113285.16
487251.84 113284.74
487251.56 113284.33
487251.28 113283.91
487251.01 113283.50
487250.73 113283.08
487250.45 113282.67
487250.17 113282.25
487250.25 113282.75
487250.33 113283.24
487250.41 113283.73
487250.49 113284.23
487250.57 113284.72
487250.64 113285.22
487250.72 113285.71
487250.80 113286.20
487250.88 113286.70
487250.96 113287.19
487251.04 113287.68
487251.12 113288.18
487251.20 113288.67
487251.28 113289.16
487251.36 113289.66
487251.44 113290.15
487251.51 113290.65
487251.59 113291.14
487251.67 113291.63
487251.75 113292.13
487251.83 113292.62
487251.91 113293.11
487251.99 113293.61
487252.07 113294.10
487252.15 113294.60
487252.23 113295.09
487252.31 113295.58
487252.38 113296.08
487252.46 113296.57
487252.54 113297.06
487252.62 113297.56
487252.70 113298.05
487252.78 113298.55
487252.86 113299.04
487252.94 113299.53
487253.02 113300.03
487253.10 113300.52
487253.18 113301.01
487253.25 113301.51
487253.33 113302.00
487253.41 113302.49
487253.49 113302.99
487253.57 113303.48
487253.65 113303.98
487253.73 113304.47
487253.81 113304.96
487253.89 113305.46
487253.97 113305.95
487254.05 113306.44
487254.12 113306.94
487254.20 113307.43
487254.28 113307.93
487254.36 113308.42
487254.44 113308.91
487254.52 113309.41
487254.60 113309.90
487254.68 113310.39
487254.76 113310.89
487254.84 113311.38
487254.92 113311.88
487254.99 113312.37
487255.07 113312.86
487255.15 113313.36
487255.23 113313.85
487255.31 113314.34
487255.39 113314.84
487255.47 113315.33
487255.55 113315.82
487255.63 113316.32
487255.71 113316.81
487255.79 113317.31
487255.86 113317.80
487255.94 113318.29
487256.02 113318.79
487256.10 113319.28
487256.18 113319.77
487256.26 113320.27
487256.34 113320.76
487256.42 113321.26
487256.50 113321.75
487256.58 113322.24
487256.66 113322.74
487256.73 113323.23
487256.81 113323.72
487256.89 113324.22
487256.97 113324.71
487257.05 113325.21
487257.13 113325.70
487257.21 113326.19
487257.29 113326.69
487257.37 113327.18
487257.45 113327.67
487257.53 113328.17
487257.60 113328.66
487257.68 113329.15
487257.76 113329.65
487257.84 113330.14
487257.92 113330.64
487258.00 113331.13
487258.08 113331.62
487258.16 113332.12
487258.24 113332.61
487258.32 113333.10
487258.40 113333.60
487258.47 113334.09
487258.55 113334.59
487258.63 113335.08
487258.71 113335.57
487258.79 113336.07
487258.87 113336.56
487258.95 113337.05
487259.03 113337.55
487259.11 113338.04
487259.19 113338.54
487259.27 113339.03
487259.34 113339.52
487259.42 113340.02
487259.50 113340.51
487259.58 113341.00
487259.66 113341.50
487259.74 113341.99
487259.82 113342.48
487259.90 113342.98
487259.98 113343.47
487260.06 113343.97
487260.14 113344.46
487260.21 113344.95
487260.29 113345.45
487260.37 113345.94
487260.45 113346.43
487260.53 113346.93
487260.61 113347.42
487260.69 113347.92
487260.77 113348.41
487260.85 113348.90
487260.93 113349.40
487261.01 113349.89
487261.08 113350.38
487261.16 113350.88
487261.24 113351.37
487261.32 113351.87
487261.40 113352.36
487261.48 113352.85
487261.56 113353.35
487261.64 113353.84
487261.72 113354.33
487261.80 113354.83
487261.88 113355.32
487261.95 113355.81
487262.03 113356.31
487262.11 113356.80
487262.19 113357.30
487262.27 113357.79
487262.35 113358.28
487262.43 113358.78
487262.51 113359.27
487262.59 113359.76
487262.67 113360.26
487262.75 113360.75
487262.82 113361.25
487262.90 113361.74
487262.98 113362.23
487263.06 113362.73
487263.14 113363.22
487263.22 113363.71
487263.30 113364.21
487263.38 113364.70
487263.46 113365.20
487263.54 113365.69
487263.62 113366.18
487263.69 113366.68
487263.77 113367.17
487263.85 113367.66
487263.93 113368.16
487264.01 113368.65
487264.09 113369.14
487264.17 113369.64
487264.25 113370.13
487264.33 113370.63
487264.41 113371.12
487264.49 113371.61
487264.56 113372.11
487264.64 113372.60
487264.72 113373.09
487264.80 113373.59
487264.88 113374.08
487264.96 113374.58
487265.04 113375.07
487265.12 113375.56
487265.20 113376.06
487265.28 113376.55
487265.36 113377.04
487265.43 113377.54
487265.51 113378.03
487265.59 113378.53
487265.67 113379.02
487265.75 113379.51
487265.83 113380.01
487265.91 113380.50
487265.99 113380.99
487266.07 113381.49
487266.15 113381.98
487266.23 113382.48
487266.31 113382.97
487266.38 113383.46
487266.46 113383.96
487266.54 113384.45
487266.62 113384.94
487266.70 113385.44
487266.78 113385.93
487266.86 113386.42
487266.94 113386.92
487267.02 113387.41
487267.10 113387.91
487267.18 113388.40
487267.25 113388.89
487267.33 113389.39
487267.41 113389.88
487267.49 113390.37
487267.57 113390.87
487267.65 113391.36
487267.73 113391.86
487267.81 113392.35
487267.89 113392.84
487267.97 113393.34
487268.05 113393.83
487268.12 113394.32
487268.20 113394.82
487268.28 113395.31
487268.36 113395.81
487268.44 113396.30
487268.52 113396.79
487268.60 113397.29
487268.68 113397.78
487268.76 113398.27
487268.84 113398.77
487268.92 113399.26
487268.99 113399.75
487269.07 113400.25
487269.15 113400.74
487269.23 113401.24
487269.31 113401.73
487269.39 113402.22
487269.47 113402.72
487269.55 113403.21
487269.63 113403.70
487269.71 113404.20
487269.79 113404.69
487269.86 113405.19
487269.94 113405.68
487270.02 113406.17
487270.10 113406.67
487270.18 113407.16
487270.26 113407.65
487270.34 113408.15
487270.42 113408.64
487270.50 113409.14
487270.58 113409.63
487270.66 113410.12
487270.73 113410.62
487270.81 113411.11
487270.89 113411.60
487270.97 113412.10
487271.05 113412.59
487271.13 113413.08
487271.21 113413.58
487271.29 113414.07
487271.37 113414.57
487271.45 113415.06
487271.53 113415.55
487271.60 113416.05
487271.68 113416.54
487271.76 113417.03
487271.84 113417.53
487271.92 113418.02
487272.00 113418.52
487272.08 113419.01
487272.16 113419.50
487272.24 113420.00
487272.32 113420.49
487272.40 113420.98
487272.47 113421.48
487272.55 113421.97
487272.63 113422.47
487272.71 113422.96
487272.79 113423.45
487272.87 113423.95
487272.95 113424.44
487273.03 113424.93
487273.11 113425.43
487273.19 113425.92
487273.27 113426.41
487273.34 113426.91
487273.42 113427.40
487273.50 113427.90
487273.58 113428.39
487273.66 113428.88
487273.74 113429.38
487273.82 113429.87
487273.90 113430.36
487273.98 113430.86
487274.34 113431.20
487274.70 113431.55
487275.06 113431.89
487275.43 113432.24
487275.79 113432.58
487276.15 113432.93
487276.51 113433.27
487276.88 113433.62
487277.24 113433.96
487277.60 113434.30
487277.96 113434.65
487278.32 113434.99
487278.69 113435.34
487279.05 113435.68
487279.41 113436.03
487279.77 113436.37
487280.14 113436.72
487280.50 113437.06
487280.86 113437.41
487281.22 113437.75
487281.58 113438.10
487281.95 113438.44
487282.31 113438.78
487282.67 113439.13
487283.03 113439.47
487283.40 113439.82
487283.76 113440.16
487284.12 113440.51
487284.48 113440.85
487284.84 113441.20
487285.21 113441.54
487285.57 113441.89
487285.93 113442.23
487286.29 113442.58
487286.66 113442.92
487287.02 113443.26
487287.38 113443.61
487287.74 113443.95
487288.11 113444.30
487288.47 113444.64
487288.83 113444.99
487289.19 113445.33
487289.55 113445.68
487289.92 113446.02
487290.28 113446.37
487290.64 113446.71
487291.00 113447.06
487291.37 113447.40
487291.73 113447.75
487292.09 113448.09
487292.45 113448.43
487292.81 113448.78
487293.18 113449.12
487293.54 113449.47
487293.90 113449.81
487294.26 113450.16
487294.63 113450.50
487294.99 113450.85
487295.35 113451.19
487295.71 113451.54
487296.07 113451.88
487296.44 113452.23
487296.80 113452.57
487297.16 113452.91
487297.52 113453.26
487297.89 113453.60
487298.25 113453.95
487298.61 113454.29
487298.97 113454.64
487299.34 113454.98
487299.70 113455.33
487300.06 113455.67
487300.42 113456.02
487300.78 113456.36
487301.15 113456.71
487301.51 113457.05
487301.87 113457.39
487302.23 113457.74
487302.60 113458.08
487302.96 113458.43
487303.32 113458.77
487303.68 113459.12
487304.04 113459.46
487304.41 113459.81
487304.77 113460.15
487305.13 113460.50
487305.49 113460.84
487305.86 113461.19
487306.22 113461.53
487306.58 113461.88
487306.94 113462.22
487307.30 113462.56
487307.67 113462.91
487308.03 113463.25
487308.39 113463.60
487308.75 113463.94
487309.12 113464.29
487309.48 113464.63
487309.84 113464.98
487310.20 113465.32
487310.56 113465.67
487310.93 113466.01
487311.29 113466.36
487311.65 113466.70
487312.01 113467.04
487312.38 113467.39
487312.74 113467.73
487313.10 113468.08
487313.46 113468.42
487313.83 113468.77
487314.19 113469.11
487314.55 113469.46
487314.91 113469.80
487315.27 113470.15
487315.64 113470.49
487316.00 113470.84
487316.36 113471.18
487316.72 113471.52
487317.09 113471.87
487317.45 113472.21
487317.81 113472.56
487318.17 113472.90
487318.53 113473.25
487318.90 113473.59
487319.26 113473.94
487319.62 113474.28
487319.98 113474.63
487320.35 113474.97
487320.71 113475.32
487321.07 113475.66
487321.43 113476.01
487321.79 113476.35
487322.16 113476.69
487322.52 113477.04
487322.88 113477.38
487323.24 113477.73
487323.61 113478.07
487323.97 113478.42
487324.33 113478.76
487324.69 113479.11
487325.06 113479.45
487325.42 113479.80
487325.78 113480.14
487326.14 113480.49
487326.50 113480.83
487326.87 113481.17
487327.23 113481.52
487327.59 113481.86
487327.95 113482.21
487328.32 113482.55
487328.68 113482.90
487329.04 113483.24
487329.40 113483.59
487329.76 113483.93
487330.13 113484.28
487330.49 113484.62
487330.85 113484.97
487331.21 113485.31
487331.58 113485.65
487331.94 113486.00
487332.30 113486.34
487332.66 113486.69
487333.02 113487.03
487333.39 113487.38
487333.75 113487.72
487334.11 113488.07
487334.47 113488.41
487334.84 113488.76
487335.20 113489.10
487335.56 113489.45
487335.92 113489.79
487336.28 113490.14
487336.65 113490.48
487337.01 113490.82
487337.37 113491.17
487337.73 113491.51
487338.10 113491.86
487338.46 113492.20
487338.82 113492.55
487339.18 113492.89
487339.55 113493.24
487339.91 113493.58
487340.27 113493.93
487340.63 113494.27
487340.99 113494.62
487341.36 113494.96
487341.72 113495.30
487342.08 113495.65
487342.44 113495.99
487342.81 113496.34
487343.17 113496.68
487343.53 113497.03
487343.89 113497.37
487344.25 113497.72
487344.62 113498.06
487344.98 113498.41
487345.34 113498.75
487345.70 113499.10
487346.07 113499.44
487346.43 113499.78
487346.79 113500.13
487347.15 113500.47
487347.51 113500.82
487347.88 113501.16
487348.24 113501.51
487348.60 113501.85
487348.96 113502.20
487349.33 113502.54
487349.69 113502.89
487350.05 113503.23
487350.41 113503.58
487350.78 113503.92
487351.14 113504.26
487351.50 113504.61
487351.86 113504.95
487352.22 113505.30
487352.59 113505.64
487352.95 113505.99
487353.31 113506.33
487353.67 113506.68
487354.04 113507.02
487354.40 113507.37
487354.76 113507.71
487355.12 113508.06
487355.48 113508.40
487355.85 113508.75
487356.21 113509.09
487356.57 113509.43
487356.93 113509.78
487357.30 113510.12
487357.66 113510.47
487358.02 113510.81
487358.38 113511.16
487358.74 113511.50
487359.11 113511.85
487359.47 113512.19
487359.83 113512.54
487360.19 113512.88
487360.56 113513.23
487360.92 113513.57
487361.28 113513.91
487361.64 113514.26
487362.00 113514.60
487362.37 113514.95
487362.73 113515.29
487363.09 113515.64
487363.45 113515.98
487363.82 113516.33
487364.18 113516.67
487364.54 113517.02
487364.90 113517.36
487365.27 113517.71
487365.63 113518.05
487365.99 113518.39
487366.35 113518.74
487366.71 113519.08
487367.08 113519.43
487367.44 113519.77
487367.80 113520.12
487368.16 113520.46
487368.53 113520.81
487368.89 113521.15
487369.25 113521.50
487369.61 113521.84
487369.97 113522.19
487370.34 113522.53
487370.70 113522.88
487371.06 113523.22
487371.42 113523.56
487371.79 113523.91
487372.15 113524.25
487372.51 113524.60
487372.87 113524.94
487373.23 113525.29
487373.60 113525.63
487373.96 113525.98
487374.32 113526.32
487374.68 113526.67
487375.05 113527.01
487375.41 113527.36
487375.77 113527.70
487376.13 113528.04
487376.50 113528.39
487376.86 113528.73
487377.22 113529.08
487377.58 113529.42
487377.94 113529.77
487378.31 113530.11
487378.67 113530.46
487379.03 113530.80
487379.39 113531.15
487379.76 113531.49
487380.12 113531.84
487380.48 113532.18
487380.84 113532.52
487381.20 113532.87
487381.57 113533.21
487381.93 113533.56
487382.29 113533.90
487382.65 113534.25
487383.02 113534.59
487383.38 113534.94
487383.74 113535.28
487384.10 113535.63
487384.46 113535.97
487384.83 113536.32
487385.19 113536.66
487385.55 113537.01
487385.91 113537.35
487386.28 113537.69
487386.64 113538.04
487387.00 113538.38
487387.36 113538.73
487387.72 113539.07
487388.09 113539.42
487388.45 113539.76
487388.81 113540.11
487389.17 113540.45
487389.54 113540.80
487389.90 113541.14
487390.26 113541.49
487390.62 113541.83
487390.99 113542.17
487391.35 113542.52
487391.71 113542.86
487392.07 113543.21
487392.43 113543.55
487392.80 113543.90
487393.16 113544.24
487393.52 113544.59
487393.88 113544.93
487394.25 113545.28
487394.61 113545.62
487394.97 113545.97
487395.33 113546.31
487395.69 113546.65
487396.06 113547.00
487396.42 113547.34
487396.78 113547.69
487397.14 113548.03
487397.51 113548.38
487397.87 113548.72
487398.23 113549.07
487398.59 113549.41
487398.95 113549.76
487399.32 113550.10
487399.68 113550.45
487400.04 113550.79
487400.40 113551.14
487400.77 113551.48
487401.13 113551.82
487401.49 113552.17
487401.85 113552.51
487402.22 113552.86
487402.58 113553.20
487402.94 113553.55
487403.30 113553.89
487403.66 113554.24
487404.03 113554.58
487404.39 113554.93
487404.75 113555.27
487405.11 113555.62
487405.48 113555.96
487405.84 113556.30
487406.20 113556.65
487406.56 113556.99
487406.92 113557.34
487407.29 113557.68
487407.65 113558.03
487408.01 113558.37
487408.37 113558.72
487408.74 113559.06
487409.10 113559.41
487409.46 113559.75
487409.82 113560.10
487410.18 113560.44
487410.55 113560.78
487410.91 113561.13
487411.27 113561.47
487411.63 113561.82
487412.00 113562.16
487412.36 113562.51
487412.72 113562.85
487413.08 113563.20
487413.44 113563.54
487413.81 113563.89
487414.17 113564.23
487414.53 113564.58
487414.89 113564.92
487415.26 113565.27
487415.62 113565.61
487415.98 113565.95
487416.34 113566.30
487416.71 113566.64
487417.07 113566.99
487417.43 113567.33
487417.79 113567.68
487418.15 113568.02
487418.52 113568.37
487418.88 113568.71
487419.24 113569.06
487419.60 113569.40
487419.97 113569.75
487420.33 113570.09
487420.69 113570.43
487421.05 113570.78
487421.41 113571.12
487421.78 113571.47
487422.14 113571.81
487422.50 113572.16
487422.86 113572.50
487423.23 113572.85
487423.59 113573.19
487423.95 113573.54
487424.31 113573.88
487424.67 113574.23
487425.04 113574.57
487425.40 113574.91
487425.76 113575.26
487426.12 113575.60
487426.49 113575.95
487426.85 113576.29
487427.21 113576.64
487427.57 113576.98
487427.94 113577.33
487428.30 113577.67
487428.66 113578.02
487429.02 113578.36
487429.38 113578.71
487429.75 113579.05
487430.11 113579.40
487430.47 113579.74
487430.83 113580.08
487431.20 113580.43
487431.56 113580.77
487431.92 113581.12
487432.28 113581.46
487432.64 113581.81
487433.01 113582.15
487433.37 113582.50
487433.73 113582.84
487434.09 113583.19
487434.46 113583.53
487434.82 113583.88
487435.18 113584.22
487435.54 113584.56
487435.90 113584.91
487436.14 113585.35
487436.38 113585.79
487436.62 113586.23
487436.85 113586.67
487437.09 113587.11
487437.33 113587.55
487437.57 113587.99
487437.80 113588.43
487438.04 113588.87
487438.28 113589.31
487438.52 113589.75
487438.75 113590.19
487438.99 113590.63
487439.23 113591.07
487439.47 113591.51
487439.70 113591.95
487439.94 113592.39
487440.18 113592.83
487440.42 113593.27
487440.65 113593.71
487440.89 113594.15
487441.13 113594.59
487441.37 113595.03
487441.60 113595.47
487441.84 113595.91
487442.08 113596.35
487442.32 113596.79
487442.55 113597.23
487442.79 113597.67
487443.03 113598.11
487443.27 113598.55
487443.50 113598.99
487443.74 113599.43
487443.98 113599.87
487444.22 113600.31
487444.45 113600.75
487444.69 113601.19
487444.93 113601.63
487445.17 113602.07
487445.40 113602.51
487445.64 113602.95
487445.88 113603.39
487446.12 113603.83
487446.35 113604.27
487446.59 113604.71
487446.83 113605.15
487447.07 113605.59
487447.30 113606.03
487447.54 113606.47
487447.78 113606.91
487448.01 113607.35
487448.25 113607.79
487448.49 113608.23
487448.73 113608.67
487448.96 113609.11
487449.20 113609.55
487449.44 113609.99
487449.68 113610.43
487449.91 113610.87
487450.15 113611.31
487450.39 113611.75
487450.63 113612.19
487450.86 113612.63
487451.10 113613.07
487451.34 113613.51
487451.58 113613.95
487451.81 113614.39
487452.05 113614.83
487452.29 113615.27
487452.53 113615.71
487452.76 113616.15
487453.00 113616.59
487453.24 113617.03
487453.48 113617.47
487453.71 113617.91
487453.95 113618.35
487454.19 113618.79
487454.43 113619.23
487454.66 113619.67
487454.90 113620.11
487455.14 113620.55
487455.38 113620.99
487455.61 113621.43
487455.85 113621.87
487456.09 113622.31
487456.33 113622.75
487456.56 113623.19
487456.80 113623.63
487456.51 113623.23
487456.21 113622.82
487455.92 113622.42
487455.62 113622.01
487455.33 113621.61
487455.04 113621.20
487454.74 113620.80
487454.45 113620.40
487454.16 113619.99
487453.86 113619.59
487453.57 113619.18
487453.27 113618.78
487452.98 113618.37
487452.69 113617.97
487452.39 113617.56
487452.10 113617.16
487451.80 113616.75
487451.51 113616.35
487451.22 113615.95
487450.92 113615.54
487450.63 113615.14
487450.33 113614.73
487450.04 113614.33
487449.75 113613.92
487449.45 113613.52
487449.16 113613.11
487448.86 113612.71
487448.57 113612.31
487448.28 113611.90
487447.98 113611.50
487447.69 113611.09
487447.39 113610.69
487447.10 113610.28
487446.81 113609.88
487446.51 113609.47
487446.22 113609.07
487445.92 113608.67
487445.63 113608.26
487445.34 113607.86
487445.04 113607.45
487444.75 113607.05
487444.45 113606.64
487444.16 113606.24
487443.87 113605.83
487443.57 113605.43
487443.28 113605.03
487442.98 113604.62
487442.69 113604.22
487442.40 113603.81
487442.10 113603.41
487441.81 113603.00
487441.51 113602.60
487441.22 113602.19
487440.93 113601.79
487440.63 113601.39
487440.34 113600.98
487440.04 113600.58
487439.75 113600.17
487439.46 113599.77
487439.16 113599.36
487438.87 113598.96
487438.57 113598.55
487438.28 113598.15
487437.99 113597.75
487437.69 113597.34
487437.40 113596.94
487437.11 113596.53
487436.81 113596.13
487436.52 113595.72
487436.22 113595.32
487435.93 113594.91
487435.64 113594.51
487435.34 113594.11
487435.05 113593.70
487434.75 113593.30
487434.46 113592.89
487434.17 113592.49
487433.87 113592.08
487433.58 113591.68
487433.28 113591.27
487432.99 113590.87
487432.70 113590.47
487432.40 113590.06
487432.11 113589.66
487431.81 113589.25
487431.52 113588.85
487431.23 113588.44
487430.93 113588.04
487430.64 113587.63
487430.34 113587.23
487430.05 113586.83
487429.76 113586.42
487429.46 113586.02
487429.17 113585.61
487428.87 113585.21
487428.58 113584.80
487428.29 113584.40
487427.99 113583.99
487427.70 113583.59
487427.40 113583.19
487427.11 113582.78
487426.82 113582.38
487426.52 113581.97
487426.23 113581.57
487425.93 113581.16
487425.64 113580.76
487425.35 113580.35
487425.05 113579.95
487424.76 113579.54
487424.46 113579.14
487424.17 113578.74
487423.88 113578.33
487423.58 113577.93
487423.29 113577.52
487422.99 113577.12
487422.70 113576.71
487422.41 113576.31
487422.11 113575.90
487421.82 113575.50
487421.53 113575.10
487421.23 113574.69
487420.94 113574.29
487420.64 113573.88
487420.35 113573.48
487420.06 113573.07
487419.76 113572.67
487419.47 113572.26
487419.17 113571.86
487418.88 113571.46
487418.59 113571.05
487418.29 113570.65
487418.00 113570.24
487417.70 113569.84
487417.41 113569.43
487417.12 113569.03
487416.82 113568.62
487416.53 113568.22
487416.23 113567.82
487415.94 113567.41
487415.65 113567.01
487415.35 113566.60
487415.06 113566.20
487414.76 113565.79
487414.47 113565.39
487414.18 113564.98
487413.88 113564.58
487413.59 113564.18
487413.29 113563.77
487413.00 113563.37
487412.71 113562.96
487412.41 113562.56
487412.12 113562.15
487411.82 113561.75
487411.53 113561.34
487411.24 113560.94
487410.94 113560.54
487410.65 113560.13
487410.35 113559.73
487410.06 113559.32
487409.77 113558.92
487409.47 113558.51
487409.18 113558.11
487408.88 113557.70
487408.59 113557.30
487408.30 113556.90
487408.00 113556.49
487407.71 113556.09
487407.41 113555.68
487407.12 113555.28
487406.83 113554.87
487406.53 113554.47
487406.24 113554.06
487405.94 113553.66
487405.65 113553.26
487405.36 113552.85
487405.06 113552.45
487404.77 113552.04
487404.48 113551.64
487404.18 113551.23
487403.89 113550.83
487403.59 113550.42
487403.30 113550.02
487403.01 113549.62
487402.71 113549.21
487402.42 113548.81
487402.12 113548.40
487401.83 113548.00
487401.54 113547.59
487401.24 113547.19
487400.95 113546.78
487400.65 113546.38
487400.36 113545.98
487400.07 113545.57
487399.77 113545.17
487399.48 113544.76
487399.18 113544.36
487398.89 113543.95
487398.60 113543.55
487398.30 113543.14
487398.01 113542.74
487397.71 113542.33
487397.42 113541.93
487397.13 113541.53
487396.83 113541.12
487396.54 113540.72
487396.24 113540.31
487395.95 113539.91
487395.66 113539.50
487395.36 113539.10
487395.07 113538.69
487394.77 113538.29
487394.48 113537.89
487394.19 113537.48
487393.89 113537.08
487393.60 113536.67
487393.30 113536.27
487393.01 113535.86
487392.72 113535.46
487392.42 113535.05
487392.13 113534.65
487391.83 113534.25
487391.54 113533.84
487391.25 113533.44
487390.95 113533.03
487390.66 113532.63
487390.36 113532.22
487390.07 113531.82
487389.78 113531.41
487389.48 113531.01
487389.19 113530.61
487388.90 113530.20
487388.60 113529.80
487388.31 113529.39
487388.01 113528.99
487387.72 113528.58
487387.43 113528.18
487387.13 113527.77
487386.84 113527.37
487386.54 113526.97
487386.25 113526.56
487385.96 113526.16
487385.66 113525.75
487385.37 113525.35
487385.07 113524.94
487384.78 113524.54
487384.49 113524.13
487384.19 113523.73
487383.90 113523.33
487383.60 113522.92
487383.31 113522.52
487383.02 113522.11
487382.72 113521.71
487382.43 113521.30
487382.13 113520.90
487381.84 113520.49
487381.55 113520.09
487381.25 113519.69
487380.96 113519.28
487380.66 113518.88
487380.37 113518.47
487380.08 113518.07
487379.78 113517.66
487379.49 113517.26
487379.19 113516.85
487378.90 113516.45
487378.61 113516.05
487378.31 113515.64
487378.02 113515.24
487377.72 113514.83
487377.43 113514.43
487377.14 113514.02
487376.84 113513.62
487376.55 113513.21
487376.25 113512.81
487375.96 113512.41
487375.67 113512.00
487375.37 113511.60
487375.08 113511.19
487374.78 113510.79
487374.49 113510.38
487374.20 113509.98
487373.90 113509.57
487373.61 113509.17
487373.31 113508.77
487373.02 113508.36
487372.73 113507.96
487372.43 113507.55
487372.14 113507.15
487371.85 113506.74
487371.55 113506.34
487371.26 113505.93
487370.96 113505.53
487370.67 113505.12
487370.38 113504.72
487370.08 113504.32
487369.79 113503.91
487369.49 113503.51
487369.20 113503.10
487368.91 113502.70
487368.61 113502.29
487368.32 113501.89
487368.02 113501.48
487367.73 113501.08
487367.44 113500.68
487367.14 113500.27
487366.85 113499.87
487366.55 113499.46
487366.26 113499.06
487365.97 113498.65
487365.67 113498.25
487365.38 113497.84
487365.08 113497.44
487364.79 113497.04
487364.50 113496.63
487364.20 113496.23
487363.91 113495.82
487363.61 113495.42
487363.32 113495.01
487363.03 113494.61
487362.73 113494.20
487362.44 113493.80
487362.14 113493.40
487361.85 113492.99
487361.56 113492.59
487361.26 113492.18
487360.97 113491.78
487360.67 113491.37
487360.38 113490.97
487360.09 113490.56
487359.79 113490.16
487359.50 113489.76
487359.20 113489.35
487358.91 113488.95
487358.62 113488.54
487358.32 113488.14
487358.03 113487.73
487357.73 113487.33
487357.44 113486.92
487357.15 113486.52
487356.85 113486.12
487356.56 113485.71
487356.26 113485.31
487355.97 113484.90
487355.68 113484.50
487355.38 113484.09
487355.09 113483.69
487354.80 113483.28
487354.50 113482.88
487354.21 113482.48
487353.91 113482.07
487353.62 113481.67
487353.33 113481.26
487353.03 113480.86
487352.74 113480.45
487352.44 113480.05
487352.15 113479.64
487351.86 113479.24
487351.56 113478.84
487351.27 113478.43
487350.97 113478.03
487350.68 113477.62
487350.39 113477.22
487350.09 113476.81
487349.80 113476.41
487349.50 113476.00
487349.21 113475.60
487348.92 113475.20
487348.62 113474.79
487348.33 113474.39
487348.03 113473.98
487347.74 113473.58
487347.45 113473.17
487347.15 113472.77
487346.86 113472.36
487346.56 113471.96
487346.27 113471.56
487345.98 113471.15
487345.68 113470.75
487345.39 113470.34
487345.09 113469.94
487344.80 113469.53
487344.51 113469.13
487344.21 113468.72
487343.92 113468.32
487343.62 113467.91
487343.33 113467.51
487343.04 113467.11
487342.74 113466.70
487342.45 113466.30
487342.15 113465.89
487341.86 113465.49
487341.57 113465.08
487341.27 113464.68
487340.98 113464.27
487340.68 113463.87
487340.39 113463.47
487340.10 113463.06
487339.80 113462.66
487339.51 113462.25
487339.22 113461.85
487338.92 113461.44
487338.63 113461.04
487338.33 113460.63
487338.04 113460.23
487337.75 113459.83
487337.45 113459.42
487337.16 113459.02
487336.86 113458.61
487336.57 113458.21
487336.28 113457.80
487335.98 113457.40
487335.69 113456.99
487335.39 113456.59
487335.10 113456.19
487334.81 113455.78
487334.51 113455.38
487334.22 113454.97
487333.92 113454.57
487333.63 113454.16
487333.34 113453.76
487333.04 113453.35
487332.75 113452.95
487332.45 113452.55
487332.16 113452.14
487331.87 113451.74
487331.57 113451.33
487331.28 113450.93
487330.98 113450.52
487330.69 113450.12
487330.40 113449.71
487330.10 113449.31
487329.81 113448.91
487329.51 113448.50
487329.22 113448.10
487328.93 113447.69
487328.63 113447.29
487328.34 113446.88
487328.04 113446.48
487327.75 113446.07
487327.46 113445.67
487327.16 113445.27
487326.87 113444.86
487326.57 113444.46
487326.28 113444.05
487325.99 113443.65
487325.69 113443.24
487325.40 113442.84
487325.10 113442.43
487324.81 113442.03
487324.52 113441.63
487324.22 113441.22
487323.93 113440.82
487323.63 113440.41
487323.34 113440.01
487323.05 113439.60
487322.75 113439.20
487322.46 113438.79
487322.17 113438.39
487321.87 113437.99
487321.58 113437.58
487321.28 113437.18
487320.99 113436.77
487320.70 113436.37
487320.40 113435.96
487320.11 113435.56
487319.81 113435.15
487319.52 113434.75
487319.23 113434.35
487318.93 113433.94
487318.64 113433.54
487318.34 113433.13
487318.05 113432.73
487317.76 113432.32
487317.46 113431.92
487317.17 113431.51
487316.87 113431.11
487316.58 113430.70
487316.29 113430.30
487315.99 113429.90
487315.70 113429.49
487315.40 113429.09
487315.11 113428.68
487314.82 113428.28
487314.52 113427.87
487314.23 113427.47
487313.93 113427.06
487313.64 113426.66
487313.35 113426.26
487313.05 113425.85
487312.76 113425.45
487312.46 113425.04
487312.17 113424.64
487311.88 113424.23
487311.58 113423.83
487311.29 113423.42
487310.99 113423.02
487310.70 113422.62
487310.41 113422.21
487310.11 113421.81
487309.82 113421.40
487309.52 113421.00
487309.23 113420.59
487308.94 113420.19
487308.64 113419.78
487308.35 113419.38
487308.05 113418.98
487307.76 113418.57
487307.47 113418.17
487307.17 113417.76
487306.88 113417.36
487306.59 113416.95
487306.29 113416.55
487306.00 113416.14
487305.70 113415.74
487305.41 113415.34
487305.12 113414.93
487304.82 113414.53
487304.53 113414.12
487304.23 113413.72
487303.94 113413.31
487303.65 113412.91
487303.35 113412.50
487303.06 113412.10
487302.76 113411.70
487302.47 113411.29
487302.18 113410.89
487301.88 113410.48
487301.59 113410.08
487301.29 113409.67
487301.00 113409.27
487300.71 113408.86
487300.41 113408.46
487300.12 113408.06
487299.82 113407.65
487299.53 113407.25
487299.24 113406.84
487298.94 113406.44
487298.65 113406.03
487298.35 113405.63
487298.06 113405.22
487297.77 113404.82
487297.47 113404.42
487297.18 113404.01
487296.88 113403.61
487296.59 113403.20
487296.30 113402.80
487296.00 113402.39
487295.71 113401.99
487295.41 113401.58
487295.12 113401.18
487294.83 113400.78
487294.53 113400.37
487294.24 113399.97
487293.94 113399.56
487293.65 113399.16
487293.36 113398.75
487293.06 113398.35
487292.77 113397.94
487292.47 113397.54
487292.18 113397.14
487291.89 113396.73
487291.59 113396.33
487291.30 113395.92
487291.00 113395.52
487290.71 113395.11
487290.42 113394.71
487290.12 113394.30
487289.83 113393.90
487289.54 113393.49
487289.24 113393.09
487288.95 113392.69
487288.65 113392.28
487288.36 113391.88
487288.07 113391.47
487287.77 113391.07
487287.48 113390.66
487287.18 113390.26
487286.89 113389.85
487286.60 113389.45
487286.30 113389.05
487286.01 113388.64
487285.71 113388.24
487285.42 113387.83
487285.13 113387.43
487284.83 113387.02
487284.54 113386.62
487284.24 113386.21
487283.95 113385.81
487283.66 113385.41
487283.36 113385.00
487283.07 113384.60
487282.77 113384.19
487282.48 113383.79
487282.19 113383.38
487281.89 113382.98
487281.60 113382.57
487281.30 113382.17
487281.01 113381.77
487280.72 113381.36
487280.42 113380.96
487280.13 113380.55
487279.83 113380.15
487279.54 113379.74
487279.25 113379.34
487279.25 113379.84
487279.25 113380.34
487279.24 113380.84
487279.24 113381.34
487279.24 113381.84
487279.24 113382.34
487279.24 113382.84
487279.24 113383.34
487279.24 113383.84
487279.24 113384.34
487279.24 113384.84
487279.24 113385.34
487279.24 113385.84
487279.24 113386.34
487279.24 113386.84
487279.24 113387.34
487279.24 113387.84
487279.24 113388.34
487279.24 113388.84
487279.24 113389.34
487279.24 113389.84
487279.23 113390.34
487279.23 113390.84
487279.23 113391.34
487279.23 113391.84
487279.23 113392.34
487279.23 113392.84
487279.23 113393.34
487279.23 113393.84
487279.23 113394.34
487279.23 113394.84
487279.23 113395.34
487279.23 113395.84
487279.23 113396.34
487279.23 113396.84
487279.23 113397.34
487279.23 113397.84
487279.23 113398.34
487279.23 113398.84
487279.22 113399.34
487279.22 113399.84
487279.22 113400.34
487279.22 113400.84
487279.22 113401.34
487279.22 113401.84
487279.22 113402.34
487279.22 113402.84
487279.22 113403.34
487279.22 113403.84
487279.22 113404.34
487279.22 113404.84
487279.22 113405.34
487279.22 113405.84
487279.22 113406.34
487279.22 113406.84
487279.22 113407.34
487279.22 113407.84
487279.22 113408.34
487279.21 113408.84
487279.21 113409.34
487279.21 113409.84
487279.21 113410.34
487279.21 113410.84
487279.21 113411.34
487279.21 113411.84
487279.21 113412.34
487279.21 113412.84
487279.21 113413.34
487279.21 113413.84
487279.21 113414.34
487279.21 113414.84
487279.21 113415.34
487279.21 113415.84
487279.21 113416.34
487279.21 113416.84
487279.21 113417.34
487279.21 113417.84
487279.20 113418.34
487279.20 113418.84
487279.20 113419.34
487279.20 113419.84
487279.20 113420.34
487279.20 113420.84
487279.20 113421.34
487279.20 113421.84
487279.20 113422.34
487279.20 113422.84
487279.20 113423.34
487279.20 113423.84
487279.20 113424.34
487279.20 113424.84
487279.20 113425.34
487279.20 113425.84
487279.20 113426.34
487279.20 113426.84
487279.19 113427.34
487279.19 113427.84
487279.19 113428.34
487279.19 113428.84
487279.19 113429.34
487279.19 113429.84
487279.19 113430.34
487279.19 113430.84
487279.19 113431.34
487279.19 113431.84
487279.19 113432.34
487279.19 113432.84
487279.19 113433.34
487279.19 113433.84
487279.19 113434.34
487279.19 113434.84
487279.19 113435.34
487279.19 113435.84
487279.19 113436.34
487279.18 113436.84
487279.18 113437.34
487279.18 113437.84
487279.18 113438.34
487279.18 113438.84
487279.18 113439.34
487279.18 113439.84
487279.18 113440.34
487279.18 113440.84
487279.18 113441.34
487279.18 113441.84
487279.18 113442.34
487279.18 113442.84
487279.18 113443.34
487279.18 113443.84
487279.18 113444.34
487279.18 113444.84
487279.18 113445.34
487279.18 113445.84
487279.17 113446.34
487279.17 113446.84
487279.17 113447.34
487279.17 113447.84
487279.17 113448.34
487279.17 113448.84
487279.17 113449.34
487279.17 113449.84
487279.17 113450.34
487279.17 113450.84
487279.17 113451.34
487279.17 113451.84
487279.17 113452.34
487279.17 113452.84
487279.17 113453.34
487279.17 113453.84
487279.17 113454.34
487279.17 113454.84
487279.16 113455.34
487279.16 113455.84
487279.16 113456.34
487279.16 113456.84
487279.16 113457.34
487279.16 113457.84
487279.16 113458.34
487279.16 113458.84
487279.16 113459.34
487279.16 113459.84
487279.16 113460.34
487279.16 113460.84
487279.16 113461.34
487279.16 113461.84
487279.16 113462.34
487279.16 113462.84
487279.16 113463.34
487279.16 113463.84
487279.16 113464.34
487279.15 113464.84
487279.15 113465.34
487279.15 113465.84
487279.15 113466.34
487279.15 113466.84
487279.15 113467.34
487279.15 113467.84
487279.15 113468.34
487279.15 113468.84
487279.15 113469.34
487279.15 113469.84
487279.15 113470.34
487279.15 113470.84
487279.15 113471.34
487279.15 113471.84
487279.15 113472.34
487279.15 113472.84
487279.15 113473.34
487279.15 113473.84
487279.14 113474.34
487279.14 113474.84
487279.14 113475.34
487279.14 113475.84
487279.14 113476.34
487279.14 113476.84
487279.14 113477.34
487279.14 113477.84
487279.14 113478.34
487279.14 113478.84
487279.14 113479.34
487279.14 113479.84
487279.14 113480.34
487279.14 113480.84
487279.14 113481.34
487279.14 113481.84
487279.14 113482.34
487279.14 113482.84
487279.13 113483.34
487279.13 113483.84
487279.13 113484.34
487279.13 113484.84
487279.13 113485.34
487279.13 113485.84
487279.13 113486.34
487279.13 113486.84
487279.13 113487.34
487279.13 113487.84
487279.13 113488.34
487279.13 113488.84
487279.13 113489.34
487279.13 113489.84
487279.13 113490.34
487279.13 113490.84
487279.13 113491.34
487279.13 113491.84
487279.13 113492.34
487279.12 113492.84
487279.12 113493.34
487279.12 113493.84
487279.12 113494.34
487279.12 113494.84
487279.12 113495.34
487279.12 113495.84
487279.12 113496.34
487279.12 113496.84
487279.12 113497.34
487279.12 113497.84
487279.12 113498.34
487279.12 113498.84
487279.12 113499.34
487279.12 113499.84
487279.12 113500.34
487279.12 113500.84
487279.12 113501.34
487279.11 113501.84
487279.11 113502.34
487279.11 113502.84
487279.11 113503.34
487279.11 113503.84
487279.11 113504.34
487279.11 113504.84
487279.11 113505.34
487279.11 113505.84
487279.11 113506.34
487279.11 113506.84
487279.11 113507.34
487279.11 113507.84
487279.11 113508.34
487279.11 113508.84
487279.11 113509.34
487279.11 113509.84
487279.11 113510.34
487279.11 113510.84
487279.10 113511.34
487279.10 113511.84
487279.10 113512.34
487279.10 113512.84
487279.10 113513.34
487279.10 113513.84
487279.10 113514.34
487279.10 113514.84
487279.10 113515.34
487279.10 113515.84
487279.10 113516.34
487279.10 113516.84
487279.10 113517.34
487279.10 113517.84
487279.10 113518.34
487279.10 113518.84
487279.10 113519.34
487279.10 113519.84
487279.10 113520.34
487279.09 113520.84
487279.09 113521.34
487279.09 113521.84
487279.09 113522.34
487279.09 113522.84
487279.09 113523.34
487279.09 113523.84
487279.09 113524.34
487279.09 113524.84
487279.09 113525.34
487279.09 113525.84
487279.09 113526.34
487279.09 113526.84
487279.09 113527.34
487279.09 113527.84
487279.09 113528.34
487279.09 113528.84
487279.09 113529.34
487279.08 113529.84
487279.08 113530.34
487279.08 113530.84
487279.08 113531.34
487279.08 113531.84
487279.08 113532.34
487279.08 113532.84
487279.08 113533.34
487279.08 113533.84
487279.08 113534.34
487279.08 113534.84
487279.08 113535.34
487279.08 113535.84
487279.08 113536.34
487279.08 113536.84
487279.08 113537.34
487279.08 113537.84
487279.08 113538.34
487279.08 113538.84
487279.07 113539.34
487279.07 113539.84
487279.07 113540.34
487279.07 113540.84
487279.07 113541.34
487279.07 113541.84
487279.07 113542.34
487279.07 113542.84
487279.07 113543.34
487279.07 113543.84
487279.07 113544.34
487279.07 113544.84
487279.07 113545.34
487279.07 113545.84
487279.07 113546.34
487279.07 113546.84
487279.07 113547.34
487279.07 113547.84
487279.07 113548.34
487279.06 113548.84
487279.06 113549.34
487279.06 113549.84
487279.06 113550.34
487279.06 113550.84
487279.06 113551.34
487279.06 113551.84
487279.06 113552.34
487279.06 113552.84
487279.06 113553.34
487279.06 113553.84
487279.06 113554.34
487279.06 113554.84
487279.06 113555.34
487279.06 113555.84
487279.06 113556.34
487279.06 113556.84
487279.06 113557.34
487279.05 113557.84
487279.05 113558.34
487279.05 113558.84
487279.05 113559.34
487279.05 113559.84
487279.05 113560.34
487279.05 113560.84
487279.05 113561.34
487279.05 113561.84
487279.05 113562.34
487279.05 113562.84
487279.05 113563.34
487279.05 113563.84
487279.05 113564.34
487279.05 113564.84
487279.05 113565.34
487279.05 113565.84
487279.05 113566.34
487279.05 113566.84
487279.04 113567.34
487279.04 113567.84
487279.04 113568.34
487279.04 113568.84
487279.04 113569.34
487279.04 113569.84
487279.04 113570.34
487279.04 113570.84
487279.04 113571.34
487279.04 113571.84
487279.04 113572.34
487279.04 113572.84
487279.04 113573.34
487279.04 113573.84
487279.04 113574.34
487279.04 113574.84
487279.04 113575.34
487279.04 113575.84
487279.04 113576.34
487279.03 113576.84
487279.03 113577.34
487279.03 113577.84
487279.03 113578.34
487279.03 113578.84
487279.03 113579.34
487279.03 113579.84
487279.03 113580.34
487279.03 113580.84
487279.03 113581.34
487279.03 113581.84
487279.03 113582.34
487279.03 113582.84
487279.03 113583.34
487279.03 113583.84
487279.03 113584.34
487279.03 113584.84
487279.03 113585.34
487279.02 113585.84
487279.02 113586.34
487279.02 113586.84
487279.02 113587.34
487279.02 113587.84
487279.02 113588.34
487279.02 113588.84
487279.02 113589.34
487279.02 113589.84
487279.02 113590.34
487279.02 113590.84
487279.02 113591.34
487279.02 113591.84
487279.02 113592.34
487279.02 113592.84
487279.02 113593.34
487279.02 113593.84
487279.02 113594.34
487279.02 113594.84
487279.01 113595.34
487279.01 113595.84
487279.01 113596.34
487279.01 113596.84
487279.01 113597.34
487279.01 113597.84
487279.01 113598.34
487279.01 113598.84
487279.01 113599.34
487279.01 113599.84
487279.01 113600.34
487279.01 113600.84
487279.01 113601.34
487279.01 113601.84
487279.01 113602.34
487279.01 113602.84
487279.01 113603.34
487279.01 113603.84
487279.01 113604.34
487279.00 113604.84
487279.00 113605.34
487279.00 113605.84
487279.00 113606.34
487279.00 113606.84
487279.00 113607.34
487279.00 113607.84
487279.00 113608.34
487279.00 113608.84
487279.15 113608.36
487279.31 113607.89
487279.46 113607.41
487279.62 113606.94
487279.77 113606.46
487279.93 113605.99
487280.08 113605.51
487280.24 113605.03
487280.39 113604.56
487280.55 113604.08
487280.70 113603.61
487280.85 113603.13
487281.01 113602.66
487281.16 113602.18
487281.32 113601.71
487281.47 113601.23
487281.63 113600.76
487281.78 113600.28
487281.94 113599.80
487282.09 113599.33
487282.25 113598.85
487282.40 113598.38
487282.55 113597.90
487282.71 113597.43
487282.86 113596.95
487283.02 113596.48
487283.17 113596.00
487283.33 113595.52
487283.48 113595.05
487283.64 113594.57
487283.79 113594.10
487283.95 113593.62
487284.10 113593.15
487284.25 113592.67
487284.41 113592.20
487284.56 113591.72
487284.72 113591.24
487284.87 113590.77
487285.03 113590.29
487285.18 113589.82
487285.34 113589.34
487285.49 113588.87
487285.65 113588.39
487285.80 113587.92
487285.95 113587.44
487286.11 113586.97
487286.26 113586.49
487286.42 113586.01
487286.57 113585.54
487286.73 113585.06
487286.88 113584.59
487287.04 113584.11
487287.19 113583.64
487287.35 113583.16
487287.50 113582.69
487287.65 113582.21
487287.81 113581.73
487287.96 113581.26
487288.12 113580.78
487288.27 113580.31
487288.43 113579.83
487288.58 113579.36
487288.74 113578.88
487288.89 113578.41
487289.05 113577.93
487289.20 113577.45
487289.35 113576.98
487289.51 113576.50
487289.66 113576.03
487289.82 113575.55
487289.97 113575.08
487290.13 113574.60
487290.28 113574.13
487290.44 113573.65
487290.59 113573.18
487290.75 113572.70
487290.90 113572.22
487291.05 113571.75
487291.21 113571.27
487291.36 113570.80
487291.52 113570.32
487291.67 113569.85
487291.83 113569.37
487291.98 113568.90
487292.14 113568.42
487292.29 113567.94
487292.45 113567.47
487292.60 113566.99
487292.75 113566.52
487292.91 113566.04
487293.06 113565.57
487293.22 113565.09
487293.37 113564.62
487293.53 113564.14
487293.68 113563.66
487293.84 113563.19
487293.99 113562.71
487294.15 113562.24
487294.30 113561.76
487294.45 113561.29
487294.61 113560.81
487294.76 113560.34
487294.92 113559.86
487295.07 113559.39
487295.23 113558.91
487295.38 113558.43
487295.54 113557.96
487295.69 113557.48
487295.85 113557.01
487296.00 113556.53
487296.15 113556.06
487296.31 113555.58
487296.46 113555.11
487296.62 113554.63
487296.77 113554.15
487296.93 113553.68
487297.08 113553.20
487297.24 113552.73
487297.39 113552.25
487297.55 113551.78
487297.70 113551.30
487297.85 113550.83
487298.01 113550.35
487298.16 113549.87
487298.32 113549.40
487298.47 113548.92
487298.63 113548.45
487298.78 113547.97
487298.94 113547.50
487299.09 113547.02
487299.25 113546.55
487299.40 113546.07
487299.55 113545.60
487299.71 113545.12
487299.86 113544.64
487300.02 113544.17
487300.17 113543.69
487300.33 113543.22
487300.48 113542.74
487300.64 113542.27
487300.79 113541.79
487300.95 113541.32
487301.10 113540.84
487301.25 113540.36
487301.41 113539.89
487301.56 113539.41
487301.72 113538.94
487301.87 113538.46
487302.03 113537.99
487302.18 113537.51
487302.34 113537.04
487302.49 113536.56
487302.65 113536.08
487302.80 113535.61
487302.95 113535.13
487303.11 113534.66
487303.26 113534.18
487303.42 113533.71
487303.57 113533.23
487303.73 113532.76
487303.88 113532.28
487304.04 113531.81
487304.19 113531.33
487304.35 113530.85
487304.50 113530.38
487304.65 113529.90
487304.81 113529.43
487304.96 113528.95
487305.12 113528.48
487305.27 113528.00
487305.43 113527.53
487305.58 113527.05
487305.74 113526.57
487305.89 113526.10
487306.05 113525.62
487306.20 113525.15
487306.35 113524.67
487306.51 113524.20
487306.66 113523.72
487306.82 113523.25
487306.97 113522.77
487307.13 113522.29
487307.28 113521.82
487307.44 113521.34
487307.59 113520.87
487307.75 113520.39
487307.90 113519.92
487308.05 113519.44
487308.21 113518.97
487308.36 113518.49
487308.52 113518.02
487308.67 113517.54
487308.83 113517.06
487308.98 113516.59
487309.14 113516.11
487309.29 113515.64
487309.45 113515.16
487309.60 113514.69
487309.75 113514.21
487309.91 113513.74
487310.06 113513.26
487310.22 113512.78
487310.37 113512.31
487310.53 113511.83
487310.68 113511.36
487310.84 113510.88
487310.99 113510.41
487311.15 113509.93
487311.30 113509.46
487311.45 113508.98
487311.61 113508.50
487311.76 113508.03
487311.92 113507.55
487312.07 113507.08
487312.23 113506.60
487312.38 113506.13
487312.54 113505.65
487312.69 113505.18
487312.85 113504.70
487313.00 113504.23
487313.15 113503.75
487313.31 113503.27
487313.46 113502.80
487313.62 113502.32
487313.77 113501.85
487313.93 113501.37
487314.08 113500.90
487314.24 113500.42
487314.39 113499.95
487314.55 113499.47
487314.70 113498.99
487314.85 113498.52
487315.01 113498.04
487315.16 113497.57
487315.32 113497.09
487315.47 113496.62
487315.63 113496.14
487315.78 113495.67
487315.94 113495.19
487316.09 113494.71
487316.25 113494.24
487316.40 113493.76
487316.55 113493.29
487316.71 113492.81
487316.86 113492.34
487317.02 113491.86
487317.17 113491.39
487317.33 113490.91
487317.48 113490.44
487317.64 113489.96
487317.79 113489.48
487317.95 113489.01
487318.10 113488.53
487318.25 113488.06
487318.41 113487.58
487318.56 113487.11
487318.72 113486.63
487318.87 113486.16
487319.03 113485.68
487319.18 113485.20
487319.34 113484.73
487319.49 113484.25
487319.65 113483.78
487319.80 113483.30
487319.95 113482.83
487320.11 113482.35
487320.26 113481.88
487320.42 113481.40
487320.57 113480.93
487320.73 113480.45
487320.88 113479.97
487321.04 113479.50
487321.19 113479.02
487321.35 113478.55
487321.50 113478.07
487321.65 113477.60
487321.81 113477.12
487321.96 113476.65
487322.12 113476.17
487322.27 113475.69
487322.43 113475.22
487322.58 113474.74
487322.74 113474.27
487322.89 113473.79
487323.05 113473.32
487323.20 113472.84
487323.35 113472.37
487323.51 113471.89
487323.66 113471.41
487323.82 113470.94
487323.97 113470.46
487324.13 113469.99
487324.28 113469.51
487324.44 113469.04
487324.59 113468.56
487324.75 113468.09
487324.90 113467.61
487325.05 113467.14
487325.21 113466.66
487325.36 113466.18
487325.52 113465.71
487325.67 113465.23
487325.83 113464.76
487325.98 113464.28
487326.14 113463.81
487326.29 113463.33
487326.45 113462.86
487326.60 113462.38
487326.75 113461.90
487326.91 113461.43
487327.06 113460.95
487327.22 113460.48
487327.37 113460.00
487327.53 113459.53
487327.68 113459.05
487327.84 113458.58
487327.99 113458.10
487328.15 113457.62
487328.30 113457.15
487328.45 113456.67
487328.61 113456.20
487328.76 113455.72
487328.92 113455.25
487329.07 113454.77
487329.23 113454.30
487329.38 113453.82
487329.54 113453.35
487329.69 113452.87
487329.85 113452.39
487330.00 113451.92
487330.15 113451.44
487330.31 113450.97
487330.46 113450.49
487330.62 113450.02
487330.77 113449.54
487330.93 113449.07
487331.08 113448.59
487331.24 113448.11
487331.39 113447.64
487331.55 113447.16
487331.70 113446.69
487331.85 113446.21
487332.01 113445.74
487332.16 113445.26
487332.32 113444.79
487332.47 113444.31
487332.63 113443.83
487332.78 113443.36
487332.94 113442.88
487333.09 113442.41
487333.25 113441.93
487333.40 113441.46
487333.55 113440.98
487333.71 113440.51
487333.86 113440.03
487334.02 113439.56
487334.17 113439.08
487334.33 113438.60
487334.48 113438.13
487334.64 113437.65
487334.79 113437.18
487334.95 113436.70
487335.10 113436.23
487335.25 113435.75
487335.41 113435.28
487335.56 113434.80
487335.72 113434.32
487335.87 113433.85
487336.03 113433.37
487336.18 113432.90
487336.34 113432.42
487336.49 113431.95
487336.65 113431.47
487336.80 113431.00
487336.95 113430.52
487337.11 113430.04
487337.26 113429.57
487337.42 113429.09
487337.57 113428.62
487337.73 113428.14
487337.88 113427.67
487338.04 113427.19
487338.19 113426.72
487338.35 113426.24
487338.50 113425.77
487338.65 113425.29
487338.81 113424.81
487338.96 113424.34
487339.12 113423.86
487339.27 113423.39
487339.43 113422.91
487339.58 113422.44
487339.74 113421.96
487339.89 113421.49
487340.05 113421.01
487340.20 113420.53
487340.35 113420.06
487340.51 113419.58
487340.66 113419.11
487340.82 113418.63
487340.97 113418.16
487341.13 113417.68
487341.28 113417.21
487341.44 113416.73
487341.59 113416.25
487341.75 113415.78
487341.90 113415.30
487342.05 113414.83
487342.21 113414.35
487342.36 113413.88
487342.52 113413.40
487342.67 113412.93
487342.83 113412.45
487342.98 113411.98
487343.14 113411.50
487343.29 113411.02
487343.45 113410.55
487343.60 113410.07
487343.75 113409.60
487343.91 113409.12
487344.06 113408.65
487344.22 113408.17
487344.37 113407.70
487344.53 113407.22
487344.68 113406.74
487344.84 113406.27
487344.99 113405.79
487345.15 113405.32
487345.30 113404.84
487345.45 113404.37
487345.61 113403.89
487345.76 113403.42
487345.92 113402.94
487346.07 113402.46
487346.23 113401.99
487346.38 113401.51
487346.54 113401.04
487346.69 113400.56
487346.85 113400.09
487347.00 113399.61
487347.15 113399.14
487347.31 113398.66
487347.46 113398.19
487347.62 113397.71
487347.77 113397.23
487347.93 113396.76
487348.08 113396.28
487348.24 113395.81
487348.39 113395.33
487348.55 113394.86
487348.70 113394.38
487348.85 113393.91
487349.01 113393.43
487349.16 113392.95
487349.32 113392.48
487349.47 113392.00
487349.63 113391.53
487349.78 113391.05
487349.94 113390.58
487350.09 113390.10
487350.25 113389.63
487350.40 113389.15
487350.55 113388.67
487350.71 113388.20
487350.86 113387.72
487351.02 113387.25
487351.17 113386.77
487351.33 113386.30
487351.48 113385.82
487351.64 113385.35
487351.79 113384.87
487351.95 113384.40
487352.10 113383.92
487352.25 113383.44
487352.41 113382.97
487352.56 113382.49
487352.72 113382.02
487352.87 113381.54
487353.03 113381.07
487353.18 113380.59
487353.34 113380.12
487353.49 113379.64
487353.65 113379.16
487353.80 113378.69
487353.95 113378.21
487354.11 113377.74
487354.26 113377.26
487354.42 113376.79
487354.57 113376.31
487354.73 113375.84
487354.88 113375.36
487355.04 113374.88
487355.19 113374.41
487355.35 113373.93
487355.50 113373.46
487355.65 113372.98
487355.81 113372.51
487355.96 113372.03
487356.12 113371.56
487356.27 113371.08
487356.43 113370.61
487356.58 113370.13
487356.74 113369.65
487356.89 113369.18
487357.05 113368.70
487357.20 113368.23
487357.35 113367.75
487357.51 113367.28
487357.66 113366.80
487357.82 113366.33
487357.97 113365.85
487358.13 113365.37
487358.28 113364.90
487358.44 113364.42
487358.59 113363.95
487358.75 113363.47
487358.90 113363.00
487359.05 113362.52
487359.21 113362.05
487359.36 113361.57
487359.52 113361.09
487359.67 113360.62
487359.83 113360.14
487359.98 113359.67
487360.14 113359.19
487360.29 113358.72
487360.45 113358.24
487360.60 113357.77
487360.75 113357.29
487360.91 113356.82
487361.06 113356.34
487361.22 113355.86
487361.37 113355.39
487361.53 113354.91
487361.68 113354.44
